	Column Labels																								
	eminterp																								wabtaotpaper
	nil			rtc			rtl			compileall															nil
	nojit	1	10	nojit	1	10	nojit	1	10	nojit					1					10					nil
Row Labels	nil	nil	nil	nil	nil	nil	nil	nil	nil	0.1	0.3	0.5	0.7	1.0	0.1	0.3	0.5	0.7	1.0	0.1	0.3	0.5	0.7	1.0	
2mm																									
Average of Max_duration_ms	2384	5390	2793	684	5392	683	1455	5392	1455	2561	3516	4287	5400	3954	6029	6593	3879	5010	3971	2933	3535	4299	5408	3964	3923
Average of min_duration_ms	2229	5322	2692	17	5322	17	20	5299	20	17	17	17	17	17	17	17	17	17	17	17	17	17	17	17	17
Average of average_duration_ms	2253	5347	2715	61	5349	61	169	5335	169	1021	578	720	429	280	3832	1699	890	648	281	1050	581	722	429	280	278
3mm																									
Average of Max_duration_ms	4014	5635	4607	721	5637	722	1459	5650	1461	4194	5367	5976	7170	4002	6275	7029	4167	5280	4012	4583	5827	5968	7070	4011	3962
Average of min_duration_ms	3862	5568	4330	18	5563	18	22	5565	22	18	18	18	18	18	18	18	18	18	18	18	18	18	18	18	19
Average of average_duration_ms	3895	5591	4379	65	5591	65	176	5594	176	1572	1312	1056	548	284	3628	1348	839	700	285	1606	1341	1055	541	285	282
adi																									
Average of Max_duration_ms	8364	6435	8281	815	6404	817	1458	6409	1453	8685	9440	10500	11313	4088	7052	7829	5430	6208	4085	8704	9449	10576	11272	4087	4032
Average of min_duration_ms	7901	6347	7918	20	6331	20	22	6334	22	21	21	21	20	21	20	20	20	20	20	21	20	20	20	20	21
Average of average_duration_ms	7985	6381	7988	73	6364	73	179	6362	179	3997	3471	1877	822	292	3673	1665	861	864	292	4001	3468	1885	820	292	289
atax																									
Average of Max_duration_ms	287	4778	289	581	4779	580	1451	4802	1454	1387	1509	2222	3333	3844	5449	5955	3195	4302	3843	1387	1511	2229	3327	3843	3802
Average of min_duration_ms	272	4716	273	15	4721	15	17	4724	17	15	15	15	15	15	15	15	15	15	15	15	15	15	15	15	16
Average of average_duration_ms	275	4738	276	53	4741	53	158	4748	158	339	306	316	287	271	3111	1528	599	517	271	339	305	317	287	271	268
bicg																									
Average of Max_duration_ms	262	4798	263	586	4782	585	1453	4790	1453	1392	1491	2218	3329	3875	5426	5951	3210	4325	3879	1392	1486	2221	3319	3871	3831
Average of min_duration_ms	248	4717	249	15	4714	15	18	4720	18	16	16	16	16	16	16	16	16	16	16	16	16	16	16	16	16
Average of average_duration_ms	251	4745	252	53	4738	53	160	4741	160	335	305	313	288	273	3104	1529	600	519	273	336	304	314	287	273	270
cholesky																									
Average of Max_duration_ms	14848	5397	14921	13059	5376	12991	13702	5379	13743	14732	15902	16368	17675	3925	6026	6765	3875	4978	3934	14678	15783	16272	17586	3919	3875
Average of min_duration_ms	14203	5302	14215	12142	5297	12154	12152	5310	12186	24	23	23	23	23	24	23	23	23	24	23	23	23	23	23	24
Average of average_duration_ms	14332	5334	14349	12307	5324	12328	12420	5335	12413	8196	5881	3952	2888	284	3474	1242	768	647	284	8173	5865	3944	2871	283	281
correlation																									
Average of Max_duration_ms	2578	5450	2544	706	5442	707	1459	5443	1454	3098	3915	4495	5617	3976	6080	6846	3958	5067	3978	3123	3902	4495	5608	3973	3922
Average of min_duration_ms	2426	5368	2422	17	5371	17	19	5367	19	17	17	17	17	17	17	17	17	17	17	17	17	17	17	17	18
Average of average_duration_ms	2453	5396	2448	63	5396	63	169	5391	168	1406	1086	921	443	281	3507	1268	784	658	281	1409	1085	923	442	281	278
covariance																									
Average of Max_duration_ms	2501	4961	2551	615	4947	613	1453	4949	1458	2727	3648	4375	5506	3872	5575	6137	3378	4504	3888	2695	3645	4396	5500	3882	3852
Average of min_duration_ms	2388	4874	2387	16	4873	16	19	4855	19	17	17	17	17	17	17	17	17	17	17	17	17	17	17	17	17
Average of average_duration_ms	2409	4901	2418	56	4900	56	161	4891	161	1072	595	748	433	274	3199	1576	643	551	275	1068	592	751	432	275	273
doitgen																									
Average of Max_duration_ms	3606	4895	3539	597	4914	595	1455	4888	1454	3684	4606	5332	6485	3881	5509	6050	3323	4435	3879	3667	4610	5355	6451	3877	3834
Average of min_duration_ms	3340	4820	3352	17	4810	17	19	4826	19	17	17	17	17	17	17	17	17	17	17	17	17	17	17	17	17
Average of average_duration_ms	3381	4850	3383	55	4841	55	160	4847	160	1391	723	935	498	275	3160	1553	628	539	275	1386	720	941	496	275	272
durbin																									
Average of Max_duration_ms	126	4729	123	575	4721	575	1454	4716	1450	1389	1390	2072	3091	3827	5374	5887	3118	4124	3838	1391	1386	2071	3079	3821	3792
Average of min_duration_ms	120	4636	120	15	4634	15	17	4643	17	15	15	15	15	15	15	15	15	15	15	15	15	15	15	15	15
Average of average_duration_ms	121	4669	121	52	4664	52	155	4669	154	298	283	289	278	270	3066	1509	577	501	270	297	283	290	277	269	267
fdtd-2d																									
Average of Max_duration_ms	6270	5311	6235	661	5275	661	1460	5288	1455	6286	7341	7983	9150	3998	5931	6708	3896	4988	3999	6203	7398	7999	9125	4004	3960
Average of min_duration_ms	5829	5225	5826	19	5217	19	22	5220	22	19	19	19	19	19	19	19	19	19	19	19	19	19	19	19	20
Average of average_duration_ms	5899	5257	5903	62	5240	62	168	5247	167	2623	3013	1059	677	285	3418	1326	747	632	285	2619	3011	1063	675	285	283
floyd-warshall																									
Average of Max_duration_ms	66120	5875	66149	595	5863	597	1490	5872	1488	64579	64577	65133	66157	3852	6500	7023	4239	5343	3859	64610	64971	65720	67345	3854	3820
Average of min_duration_ms	62904	5783	62882	43	5780	43	42	5773	42	44	43	43	43	43	44	43	43	43	43	44	43	44	43	43	41
Average of average_duration_ms	63404	5814	63401	80	5812	80	179	5807	178	17212	8729	12903	4501	298	3747	1831	900	748	298	17199	8770	12963	4580	298	293
gemm																									
Average of Max_duration_ms	2660	4982	2674	617	4991	617	1453	4987	1454	2869	3866	4549	5681	3887	5627	6188	3422	4528	3899	2936	3849	4604	5663	3891	3849
Average of min_duration_ms	2557	4915	2564	17	4917	17	20	4928	20	17	17	17	17	17	17	17	17	17	17	17	17	17	17	17	17
Average of average_duration_ms	2583	4940	2585	57	4939	57	162	4951	161	1122	621	783	446	275	3232	1588	657	561	276	1129	619	786	445	276	273
gemver																									
Average of Max_duration_ms	439	5403	909	690	5404	688	1452	5409	1458	1387	1685	2438	3576	3970	6025	6596	3861	5002	3978	1387	1680	2433	3576	3964	3921
Average of min_duration_ms	417	5321	881	16	5325	16	19	5339	19	16	16	16	16	16	16	16	16	16	16	16	16	16	16	16	16
Average of average_duration_ms	421	5349	887	61	5353	60	174	5362	174	409	334	355	306	280	3474	1701	770	647	280	440	334	354	306	279	276
gesummv																									
Average of Max_duration_ms	179	4813	651	592	4790	590	1449	4810	1455	1389	1408	2130	3234	3859	5446	5977	3219	4321	3868	1389	1405	2132	3237	3844	3815
Average of min_duration_ms	173	4728	637	15	4734	15	18	4742	18	15	15	15	15	15	15	15	15	15	15	15	15	15	15	15	16
Average of average_duration_ms	175	4758	642	54	4756	53	160	4766	161	314	293	298	281	272	3114	1534	604	521	272	345	292	298	281	271	269
gramschmidt																									
Average of Max_duration_ms	3170	5142	3174	637	5123	637	1455	5129	1459	3400	4522	5111	6194	3936	5772	6516	3632	4729	3942	3392	4510	5120	6203	3931	3892
Average of min_duration_ms	3031	5056	3028	17	5060	17	19	5060	19	17	17	17	17	17	17	17	17	17	17	17	17	17	17	17	18
Average of average_duration_ms	3058	5086	3058	58	5082	58	163	5086	163	1287	1087	882	479	279	3317	1137	697	591	279	1285	1087	885	480	278	276
heat-3d																									
Average of Max_duration_ms	15230	5970	15252	719	5915	723	1462	5948	1461	15400	15942	17114	17928	3993	6564	7357	4937	5646	3987	15411	15960	17233	17844	3992	3945
Average of min_duration_ms	14396	5878	14398	24	5863	24	27	5860	27	25	25	25	25	25	25	25	25	25	25	25	25	25	25	25	27
Average of average_duration_ms	14538	5910	14540	71	5884	71	174	5891	174	8003	6064	4147	1266	290	3797	1475	924	766	289	8021	6068	4173	1260	290	288
jacobi-1d																									
Average of Max_duration_ms	88	4634	84	548	4605	550	1457	4602	1449	1392	1387	2024	3034	3804	5249	5772	2997	4007	3802	1389	1392	2017	3036	3807	3768
Average of min_duration_ms	80	4560	81	14	4527	14	17	4533	17	15	15	15	15	15	15	15	15	15	15	15	15	15	15	15	15
Average of average_duration_ms	81	4583	81	50	4556	50	153	4556	153	285	276	280	273	268	2686	1479	547	478	268	285	277	280	273	268	266
jacobi-2d																									
Average of Max_duration_ms	8891	4996	8779	602	4977	603	1456	4981	1453	8768	9719	10427	11649	3865	5607	6153	3415	4534	3860	8970	9722	10462	11532	3884	3822
Average of min_duration_ms	8405	4925	8410	19	4904	19	21	4908	21	20	20	20	20	20	20	20	20	20	20	20	20	20	20	20	21
Average of average_duration_ms	8504	4953	8478	58	4927	58	161	4938	161	2522	1402	1966	843	276	3219	1584	653	559	276	2543	1407	1959	835	277	274
lu																									
Average of Max_duration_ms	17274	5463	16828	13102	5443	12866	13708	5436	13692	16890	17855	18451	19374	3924	6080	6821	3935	5042	3938	16925	18016	18423	19414	3923	3880
Average of min_duration_ms	16162	5380	16162	12155	5368	12147	12153	5365	12177	25	25	25	25	25	25	25	25	25	25	25	25	25	25	25	25
Average of average_duration_ms	16318	5409	16298	12318	5399	12289	12392	5393	12420	8722	7352	4374	2992	285	3504	1393	785	660	286	8721	7345	4361	2995	285	282
ludcmp																									
Average of Max_duration_ms	16326	6043	17086	13158	6022	12944	13661	6032	13729	16488	17134	18259	18908	4032	6670	7440	5028	5738	4039	16281	17618	18204	19017	4033	3984
Average of min_duration_ms	15497	5974	15968	12167	5950	12159	12158	5955	12157	25	25	25	25	25	25	25	25	25	25	25	25	25	25	25	26
Average of average_duration_ms	15630	5999	16135	12327	5978	12290	12420	5984	12440	9007	7579	4451	3417	292	3864	1674	949	787	293	8993	7634	4453	3429	292	290
mvt																									
Average of Max_duration_ms	280	4858	283	591	4858	589	1456	4857	1452	1389	1516	2242	3359	3877	5498	6049	3285	4400	3881	1389	1518	2248	3363	3878	3840
Average of min_duration_ms	269	4797	271	15	4787	15	18	4801	18	16	16	16	16	16	16	16	16	16	16	16	16	16	16	16	16
Average of average_duration_ms	272	4820	273	54	4812	53	161	4821	161	341	308	318	289	273	3146	1552	620	533	273	342	307	319	289	273	271
nussinov																									
Average of Max_duration_ms	11780	5889	11609	750	5896	751	1458	5861	1457	11654	12556	13586	14315	4009	6513	7275	4860	5554	4015	11715	12520	13545	14333	4023	3956
Average of min_duration_ms	10990	5802	11011	19	5799	19	21	5796	21	19	19	19	19	19	19	19	19	19	19	19	19	19	19	19	20
Average of average_duration_ms	11112	5834	11104	68	5835	68	171	5824	170	6132	4704	3237	1023	286	3765	1442	903	750	286	6157	4704	3218	1024	287	282
seidel-2d																									
Average of Max_duration_ms	13439	4921	13289	578	4896	579	1469	4915	1469	13122	14000	14702	15909	3846	5534	6055	3310	4412	3837	13566	14361	14768	16051	3846	3804
Average of min_duration_ms	12660	4835	12688	21	4813	21	23	4828	23	22	22	22	22	22	22	22	22	22	22	22	22	22	22	22	25
Average of average_duration_ms	12798	4865	12791	58	4840	59	160	4854	160	4525	1979	2822	1130	277	3166	1558	631	542	276	4563	2004	2822	1140	277	277
symm																									
Average of Max_duration_ms	1827	5015	1758	631	4999	630	1456	5022	1452	2007	2956	3696	4820	3898	5646	6205	3455	4569	3911	1999	2970	3701	4827	3890	3860
Average of min_duration_ms	1692	4939	1694	16	4935	16	19	4948	19	17	17	17	17	17	17	17	17	17	17	17	17	17	17	17	17
Average of average_duration_ms	1717	4968	1710	57	4962	57	162	4974	162	838	502	610	387	276	3239	1595	661	565	277	836	502	611	388	275	273
syr2k																									
Average of Max_duration_ms	2449	4913	2419	609	4879	609	1455	4906	1452	2604	3533	4266	5368	3885	5542	6087	3324	4440	3895	2587	3524	4276	5385	3874	3840
Average of min_duration_ms	2273	4830	2272	16	4829	16	19	4842	19	17	17	17	17	17	17	17	17	17	17	17	17	17	17	17	17
Average of average_duration_ms	2301	4860	2300	56	4848	56	160	4863	160	1030	578	723	424	275	3173	1564	630	542	275	1030	576	725	425	274	272
syrk																									
Average of Max_duration_ms	1591	4802	1556	585	4795	585	1452	4783	1453	1802	2752	3483	4578	3856	5419	5959	3185	4299	3857	1806	2756	3485	4571	3850	3813
Average of min_duration_ms	1509	4703	1514	16	4710	16	18	4722	18	16	16	16	16	16	16	16	16	16	16	16	16	16	16	16	16
Average of average_duration_ms	1528	4737	1524	54	4732	54	157	4744	157	673	473	573	371	272	3100	1530	597	516	272	672	474	569	370	272	270
trisolv																									
Average of Max_duration_ms	100	4643	102	552	4645	552	1454	4635	1454	1395	1389	2038	3052	3810	5260	5769	3018	4031	3819	1388	1390	2040	3055	3814	3773
Average of min_duration_ms	95	4561	95	15	4559	15	17	4559	17	15	15	15	15	15	15	15	15	15	15	15	15	15	15	15	15
Average of average_duration_ms	96	4591	96	51	4585	51	155	4586	155	290	279	280	274	268	3000	1482	551	482	269	289	279	281	274	269	266
trmm																									
Average of Max_duration_ms	1109	4765	1110	575	4756	574	1454	4751	1453	1392	2287	3019	4124	3845	5404	5929	3161	4268	3850	1390	2288	3020	4112	3836	3795
Average of min_duration_ms	1057	4686	1059	15	4679	15	18	4690	18	16	16	16	16	16	16	16	16	16	16	16	16	16	16	16	16
Average of average_duration_ms	1066	4712	1068	53	4702	53	156	4711	156	551	411	478	340	271	3088	1521	589	510	272	551	410	479	339	271	268
